"iteration","ARI_null","NMI_null"
1,0.0043489870682025,0.0120119696540902
2,0.00747661460718532,0.0144852442494305
3,0.00404348010468769,0.0113240407806396
4,0.0081601864380497,0.0166592611470077
5,0.00436426241637824,0.0119662965213512
6,0.00681213696154062,0.0152632338416723
7,0.00383344406727126,0.010792070427069
8,0.00636915186444415,0.0137511303236248
9,0.00371506011890927,0.0126276351677023
10,0.00434134939411463,0.0113952281989996
11,0.00662883278343174,0.0148964827362583
12,0.000831838150738288,0.00827158196128975
13,0.00295511154716619,0.0103041866787575
14,0.00662883278343174,0.0135978922223214
15,0.00412749451965426,0.0111478936335496
16,0.00293983619899045,0.0103100662449816
17,0.0088017510614308,0.0153324464308733
18,0.00557865259634959,0.0128977816699365
19,0.00508602261768197,0.0141403448118254
20,0.00505165308428655,0.013088475760147
21,0.00576959444854634,0.0126095975657009
22,0.00644170976827892,0.0128062829977597
23,0.0028252710876724,0.0108466297394484
24,0.00489126192844128,0.0131897911702704
25,0.0059605363007431,0.0131302536645323
26,0.00549081934433908,0.0129074463004132
27,0.00343246617765808,0.0121824520202991
28,0.0117651686075244,0.0186451192337505
29,0.0122998057936753,0.0188316509571815
30,0.00562447864087681,0.0125675616542948
31,0.006319506982873,0.0146113057186239
32,0.00640352139783957,0.0139425561303035
33,0.00265342342069532,0.0107596971736539
34,0.0126511388017174,0.0194261428629897
35,0.00550609469251482,0.0127785099771703
36,0.00882466408369441,0.0168092004630336
37,0.00825947620119202,0.0146413167117534
38,0.00677012975405733,0.0150908845963694
39,0.0099779528709628,0.017001700543533
40,0.00847714991269631,0.0164039740777958
41,0.0061896665233792,0.0129022951075221
42,0.00583451467829324,0.0141536157173546
43,0.00681213696154062,0.0151594425150883
44,0.0105927856350363,0.01781220656282
45,0.00529987749214233,0.0133040148598673
46,0.00654099953142123,0.0141686842301267
47,0.00493326913592456,0.0130157958045344
48,0.00253503947233333,0.00975744537998337
49,0.00809526620830281,0.0154024632282231
50,0.0104782205237183,0.017462982624556
51,0.00444063915725694,0.0113810851776474
52,0.00626986210130184,0.0150532211557799
53,0.00937075778097712,0.0162078043743509
54,0.00644552860532285,0.0143444011687195
55,0.00793487505245753,0.0148253413639358
56,0.00746515809605352,0.0145289552880424
57,0.00548700050729515,0.0125235528731244
58,0.00355848780010793,0.0112296448215071
59,0.00437571892751004,0.0110128483843142
60,0.0100428731007097,0.017685239578861
61,0.00609801443432476,0.0134986476897802
62,0.00299711875464948,0.0108802854264001
63,0.00588797839690833,0.0133824902344367
64,0.00364250221507451,0.0104198756722454
65,0.00864899757967339,0.0161510955333765
66,0.0025426771464212,0.0101780291394464
67,0.00203859065662177,0.0104024873911751
68,0.0017254460190191,0.0094638587752612
69,0.00563211631496468,0.0127809869955356
70,0.00602927536753393,0.012813041815753
71,0.00313077805118721,0.0102911745860685
72,0.00471559542442026,0.0126550342594336
73,0.00406257428990736,0.0116865343447399
74,0.00407403080103917,0.0116170559772738
75,0.00700307881373737,0.0152567918500116
76,0.00222953250881853,0.0104077230008065
77,0.00411221917147852,0.0114282776655577
78,0.00614384047885198,0.0136902537604618
79,0.00445209566838874,0.0116196142436696
80,0.00500582703975933,0.0123992238877611
81,0.00414276986783,0.012083315343945
82,0.00499055169158359,0.0119633966052021
83,0.00471559542442026,0.0118638268766204
84,0.00636151419035628,0.0136483220051987
85,0.0104591263384986,0.016759980256898
86,0.00605600722684147,0.014307460316186
87,0.00510511680290164,0.012531790431458
88,0.00702599183600099,0.0148990689287961
89,0.00377998034865617,0.0117977138702656
90,0.00901178709884723,0.0163968445326928
91,0.00649517348689401,0.0137144936026124
92,0.00507074726950623,0.012106338653368
93,0.00724366554750528,0.0148874262982068
94,0.00389454545997422,0.0114505308450638
95,0.00477669681712322,0.0122385121635433
96,0.00985193124851294,0.0161463725813663
97,0.00776302738548046,0.0148096721217523
98,0.010909749109683,0.0177165800191202
99,0.0030544013103085,0.0108726067309722
100,0.00470413891328846,0.0130543921672603
101,0.00587652188577653,0.0142685988535303
102,0.0074193320515263,0.015406348742038
103,0.00521968191421969,0.0124939744119558
104,0.0056664858483601,0.0129041928527327
105,0.0104171191310153,0.0186676181195096
106,0.00817164294918151,0.0157530855797184
107,0.00463921868354156,0.0119771411721102
108,0.00357758198532761,0.0107050167005441
109,0.00604455071570967,0.0130236160809107
110,0.00531897167736201,0.0131754371607668
111,0.00422678428279657,0.0120443737027589
112,0.00401674824538014,0.0109930422956119
113,0.00405493661581949,0.0111035471217672
114,0.00818309946031331,0.0150083095349249
115,0.00597963048596277,0.0133474796141931
116,0.00809144737125887,0.0150639922450181
117,0.00961134451474503,0.0161091604003597
118,0.00894686686910033,0.0167414775264813
119,0.00673194138361798,0.0136654948982565
120,0.00895068570614426,0.0154664386832718
121,0.00320715479206591,0.0111546245539554
122,0.00771720134095323,0.0152827628534232
123,0.00376852383752436,0.0117366747421794
124,0.00612474629363231,0.0138948658782254
125,0.00729331042907644,0.0151096617580666
126,0.000797468617342872,0.00931338875228501
127,0.00532660935144988,0.0124525504414368
128,0.00775538971139259,0.0152721155182867
129,0.00254649598346514,0.0101650487073351
130,0.00569321770766764,0.0132525879270673
131,0.00992448915234771,0.0166022893694543
132,0.007495708792405,0.0138357192500453
133,0.00861844688332191,0.0158013196432571
134,0.00367305291142599,0.0117554893805679
135,0.0100314165895779,0.0173600810736282
136,0.00889722198752917,0.0169891934532516
137,0.00810672271943461,0.0158034003542385
138,0.00567030468540403,0.0144079687751283
139,0.00317660409571443,0.0109962955918477
140,0.00732004228838399,0.0149085877585418
141,0.00623931140495036,0.0142209735641428
142,0.00768283180755782,0.0149225324012421
143,0.00465831286876124,0.0119612485888708
144,0.00655245604255304,0.0143180701846928
145,0.00576577561150241,0.0159650245688411
146,0.00353175594080039,0.0108727539975054
147,0.0040778496380831,0.0117632518149459
148,0.00374942965230469,0.0118933727564672
149,0.00349356757036104,0.0113070302176602
150,0.00505547192133048,0.0136817629672832
151,0.00591089141917194,0.0127940248731834
152,0.00549845701842695,0.0125856928275797
153,0.00636915186444415,0.0139145411146395
154,0.00969535892971161,0.0156745922127131
155,0.00237464831648806,0.0103394659727951
156,0.0054602686479876,0.0126482771180818
157,0.00463158100945369,0.0128758466213382
158,0.0025312206352894,0.0102188638491316
159,0.00420387126053296,0.0118759311732876
160,0.00743842623674597,0.015396256461417
161,0.00494090681001243,0.012336815087569
162,0.0104400321532789,0.0167115937836241
163,0.00520822540308789,0.0133477910651875
164,0.00469268240215665,0.0122944557333582
165,0.00414658870487394,0.0120355180222311
166,0.00265724225773926,0.00997855492165609
167,0.00519676889195608,0.0122488240682877
168,0.00392891499336964,0.011020545503215
169,0.00896596105432,0.0165369620890672
170,0.00529987749214233,0.0125890374890806
171,0.00746133925900958,0.0140870878798633
172,0.00599108699709458,0.0136304559124547
173,0.00664792696865141,0.0138109435890694
174,0.00447500869065235,0.0123455766568217
175,0.0028367275988042,0.0102265723459058
176,0.00502874006202294,0.012421826090755
177,0.00682741230971636,0.0144667155493317
178,0.00359285733350335,0.0107101673074289
179,0.000648533972629404,0.0080661581184647
180,0.00298184340647374,0.0111366450714093
181,0.007201658340022,0.014345071522206
182,0.00575050026332667,0.0129733557919681
183,0.00552137004069056,0.0137793698104314
184,0.00591471025621588,0.0129688897059136
185,0.00199658344913849,0.00942745822321995
186,0.00222571367177459,0.010844994008074
187,0.00305822014735244,0.0103110554128973
188,0.00380671220796371,0.0123012311712891
189,0.00929438104009842,0.0157624066853779
190,0.00858025851288256,0.0150529158178092
191,0.00352029942966858,0.0125565556386308
192,0.00336372711086725,0.0105002361247726
193,0.00455138543153105,0.0121696745427033
194,0.00284436527289207,0.0105556845274151
195,0.00355085012602006,0.0105282852485386
196,0.00732004228838399,0.0150899218788667
197,0.0058192393301175,0.0128802354990765
198,0.00797306342289688,0.0156705905709379
199,0.00344010385174595,0.0107708944914085
200,0.00538007307006497,0.0123099126589245
201,0.00568558003357977,0.0134692567105708
202,0.00959988800361323,0.0166466835433198
203,0.00780503459296374,0.0148515611216819
204,0.00503637773611081,0.0118124055517762
205,0.00395564685267718,0.011465286808979
206,0.00251212645006972,0.0103203207875152
207,0.00332171990338396,0.0120725169590749
208,0.0101268875156763,0.0176950172427671
209,0.00418477707531329,0.0118577646439243
210,0.00591852909325981,0.0130741849136878
211,0.00621639838268675,0.0127549129639536
212,0.00576577561150241,0.0129106348264538
213,0.00326825618476887,0.0114405573928447
214,0.00996649635983099,0.0185880647138636
215,0.00504401541019868,0.0132769573911061
216,0.00440245078681759,0.0125278344511969
217,0.00752625948875648,0.0144292458040574
218,0.00824801969006021,0.0164430224965528
219,0.0050134647138472,0.0128211397093665
220,0.00297420573238587,0.0109832091802736
221,0.00214169925680802,0.0102649818537671
222,0.00447882752769629,0.0118930590708926
223,0.00706799904348427,0.0136232447414199
224,0.00669757185022257,0.0142438616579607
225,0.00746897693309745,0.015184518309182
226,0.00416568289009361,0.0113097454924625
227,0.00476524030599142,0.0123034838190744
228,0.00327589385885674,0.0127951986377309
229,0.00913398988425315,0.0167612185967551
230,0.00520822540308789,0.0124621139006915
231,0.00870246129828848,0.0152304369642937
232,0.00753389716284435,0.0156340715740635
233,0.00657536906481665,0.0142475144441705
234,0.00442154497203726,0.0120075200382501
235,0.00678158626518914,0.0148233879087655
236,0.00667847766500289,0.0147560893664285
237,0.0036959659336896,0.0127658019202559
238,0.00796542574880901,0.0150203823722775
239,0.0028901913174193,0.010309974037199
240,0.00389072662293029,0.0116420444092
241,0.00384108174135913,0.0117277891414347
242,0.00306585782144031,0.0113020621693011
243,0.00488362425435341,0.0113500524656677
244,0.00580396398194176,0.0132270619817915
245,0.00538771074415284,0.0130928696637928
246,0.00287491596924355,0.0113203952560728
247,0.00395564685267718,0.0112649336687695
248,0.00614765931589592,0.0138559804118807
249,0.00185910531555682,0.00938455043622015
250,0.00579250747080995,0.0143101324715355
251,0.00371124128186534,0.0108513226512186
252,0.00665174580569535,0.0146882871433161
253,0.00452847240926744,0.012516811517267
254,0.00321479246615378,0.0120273297282685
255,0.00367687174846992,0.0112525155227516
256,0.00815254876396183,0.0149372913274996
257,0.00375324848934862,0.0108641533223961
258,0.0099015761300841,0.0162194303737469
259,0.00667083999091502,0.0135920233436065
260,0.00500582703975933,0.0135698145101572
261,0.00453992892039925,0.012019304066417
262,0.00371506011890927,0.0115167966705032
263,0.00694961509512228,0.0141363232795577
264,0.00833203410502678,0.0170021115274009
265,0.007201658340022,0.0138848732367518
266,0.00764082460007453,0.0160483844958217
267,0.00463539984649763,0.0114715791613275
268,0.00423060311984051,0.0125562906064674
269,0.00571231189288732,0.0128804728326878
270,0.00577341328559028,0.0125772110079427
271,0.00641497790897137,0.014625448578461
272,0.0070489048582646,0.0142685813407558
273,0.00528842098101052,0.0142459922865791
274,0.00722457136228561,0.0150509146827408
275,0.00460866798719008,0.0120075740906847
276,0.00331408222929609,0.0111344489133085
277,0.00549463818138302,0.0127918597816055
278,0.00396710336380899,0.011564230734523
279,0.0124029143938616,0.0199688952760034
280,0.00838549782364187,0.0156852366293491
281,0.00187438066373256,0.00932965091261652
282,0.00663647045751961,0.0136035240496609
283,0.00674721673179372,0.0149418529663872
284,0.00427642916436773,0.0117829187581186
285,0.00607128257501722,0.0132549327086275
286,0.00480342867643077,0.0119959279730122
287,0.00389836429701816,0.0116770205704664
288,0.00619348536042314,0.0133592775638045
289,0.00122135952921967,0.0083920949685099
290,0.00479197216529896,0.0122930290869546
291,0.00140084487028461,0.00923584625070868
292,0.00368450942255779,0.0109556326088774
293,0.00411985684556639,0.010954989921121
294,0.00205386600479751,0.00960954267063424
295,0.00940512731437254,0.0167215961611775
296,0.0106538870277393,0.0184718284228684
297,0.00593762327847949,0.0140972086074007
298,0.00628895628652151,0.0143335323268678
299,0.00954642428499814,0.016138320831787
300,0.004436820320213,0.0116605965230562
301,0.00287873480628749,0.0107810720748771
302,0.00744224507378991,0.0140752327703256
303,0.00786231714862277,0.0158006502905254
304,0.00650281116098188,0.0132781796651875
305,0.00815254876396183,0.0145963141010418
306,0.00669757185022257,0.0134894018787481
307,0.00323388665137345,0.0108039056536111
308,0.00685032533197997,0.0134279287449413
309,0.00748043344422926,0.0163036959467982
310,0.00793487505245753,0.0147726640370742
311,0.00363486454098664,0.0115599063905797
312,0.00411221917147852,0.0117444803811705
313,0.000732548387595976,0.00850334110177952
314,0.00688851370241932,0.0133046225730958
315,0.0091072580249456,0.0151380165069851
316,0.00599108699709458,0.0137158988238465
317,0.00849242526087205,0.0148120907372276
318,0.00566266701131616,0.0134099541725238
319,0.0071367381102751,0.0145002425493011
320,0.00260377853912416,0.00985302501119354
321,0.00617439117520346,0.0134137510820493
322,0.00655245604255304,0.0132223668487657
323,0.0047194142614642,0.011726365928133
324,0.00548700050729515,0.0123720285000226
325,0.00404348010468769,0.0116085141344009
326,0.00549845701842695,0.0124339737956484
327,0.00397474103789686,0.011326758923603
328,0.00601400001935819,0.0128418329219222
329,0.00229445273856542,0.010737384306572
330,0.00435662474229037,0.0114286218396723
331,0.00760263622963518,0.0147242130772928
332,0.00389836429701816,0.0115089876515627
333,0.00473850844668387,0.0124020900027948
334,0.00591852909325981,0.0129603342723513
335,0.00542589911459219,0.0125865818701032
336,0.00379907453387584,0.0125377179090578
337,0.00278326388018911,0.0102988637696959
338,0.00633860116809267,0.0134179816220424
339,0.00670902836135437,0.0133893957046176
340,0.00244720622032283,0.0110198780367114
341,0.00369978477073353,0.0111947613733952
342,0.00562065980383288,0.0127750042188849
343,0.003554668963064,0.0115069340937746
344,0.0100123224043582,0.0181499576988873
345,0.00620494187155494,0.0139224882254462
346,0.00802270830446804,0.015339970466595
347,0.0066250139463878,0.014351490997739
348,0.00497145750636391,0.0115185383940079
349,0.00370360360777747,0.010736317751949
350,0.00523495726239543,0.0121617961422908
351,0.00449410287587203,0.0116928527851843
352,0.00405875545286343,0.0115435925174827
353,0.00461630566127795,0.0118728656424116
354,0.00859935269810224,0.0156588559522343
355,0.0054488121368558,0.0126938493967041
356,0.00993976450052345,0.0170367187904852
357,0.0039900163860726,0.0122814564868566
358,0.00197367042687488,0.00959130172543886
359,0.00402820475651195,0.0126947972707283
360,0.00801888946742411,0.015461061214446
361,0.00665938347978322,0.0138316375410848
362,0.00525023261057117,0.0126815153703886
363,0.00855734549061895,0.0158065213804406
364,0.00739260019221875,0.0148199606004963
365,0.00571231189288732,0.0134392813178683
366,0.00799979528220443,0.0159580606229088
367,0.00712146276209936,0.0161542018226778
368,0.00891249733570491,0.0153950825408966
369,0.00390218313406209,0.0112498011818523
370,0.00372651663004108,0.0117258107381756
371,0.00346301687400956,0.0115104324578391
372,0.00624313024199429,0.0135788481188559
373,0.00413895103078607,0.0120742599893937
374,0.0101650758861156,0.0176763902693893
375,0.00404729894173162,0.0117459531581793
376,0.00656391255368484,0.0136816507380169
377,0.00610565210841263,0.0135792565742197
378,0.00790432435610605,0.0152262493835577
379,0.00632332581991693,0.0139314347937201
380,0.00120990301808786,0.00915702501296905
381,0.00527696446987872,0.0127952366285049
382,0.00879411338734293,0.0163314486581544
383,0.00344010385174595,0.0105294429274855
384,0.0014428520777679,0.0091085106288457
385,0.00547936283320728,0.0128815775227461
386,0.00591089141917194,0.013072354639246
387,0.00358140082237154,0.0115107332538802
388,0.0125976750831023,0.0186761089261167
389,0.010554597264597,0.0187878012464729
390,0.00686560068015571,0.0132627067921735
391,0.00833585294207072,0.0148252669258864
392,0.00245866273145463,0.00995987361810611
393,0.00817928062326938,0.0148270958688605
394,0.00594144211552342,0.013360378395544
395,0.00456284194266286,0.0116116124032691
396,0.00567030468540403,0.0137795171528797
397,0.0104820393607622,0.0173461768626859
398,0.00449410287587203,0.0114710610499489
399,0.00376470500048043,0.0109827191026314
400,0.00560538445565714,0.0124200088220848
401,0.00282908992471633,0.00985846865300279
402,0.00796542574880901,0.0148995906788821
403,0.00893922919501246,0.017841470515526
404,0.00188201833782043,0.0108021506796179
405,0.00785086063749096,0.017080671072951
406,0.00656391255368484,0.0137220640320529
407,0.00801888946742411,0.0140597822721616
408,0.0058841595598644,0.0126306123622258
409,0.0095426054479542,0.0165307684370708
410,0.002966568058298,0.0103935284642965
411,0.0059605363007431,0.0146047608549265
412,0.00384490057840307,0.0121743193593575
413,0.00578105095967815,0.014058205942264
414,0.00518531238082428,0.0128626677912945
415,0.00528460214396659,0.0135271019551572
416,0.00323006781432952,0.0102673833130922
417,0.00376470500048043,0.0110963754089256
418,0.00775157087434865,0.0145553580484221
419,0.00564739166314042,0.0139868003501981
420,0.00484543588391406,0.0123007097934443
421,0.00838549782364187,0.0149938836503131
422,0.0033369952515597,0.0109413011774313
423,0.0069839846285177,0.0143893747030467
424,0.00465831286876124,0.0116961576343438
425,0.00674339789474979,0.0140502834947634
426,0.00753771599988829,0.0149725684145437
427,0.00641497790897137,0.0157096559543834
428,0.00411221917147852,0.0112843762135822
429,0.0108295535317603,0.0188997633685355
430,0.00531897167736201,0.012220295534102
431,0.00648753581280614,0.014274056228167
432,0.00982901822624933,0.0169553492109032
433,0.00238228599057593,0.0102149252444081
434,0.00666702115387109,0.0137614621669862
435,0.00266106109478319,0.0108225480700674
436,0.00469268240215665,0.0131865749399792
437,0.00570085538175551,0.0147743301102114
438,0.00387545127475455,0.0113554655058131
439,0.00293601736194652,0.00995079225847948
440,0.00619348536042314,0.0137607786849348
441,0.00333317641451576,0.0103343862851655
442,0.010203264256555,0.0170314040466924
443,0.00412367568261033,0.0109038717733651
444,0.00715965113253871,0.0152393001307003
445,0.00957315614430568,0.0171829271109103
446,0.0057428625892388,0.0132545745781238
447,0.00495236332114424,0.0124855474756701
448,0.0063309634940048,0.0145292957919691
449,0.0061018332713687,0.0130822912307043
450,0.00730476694020825,0.0140854502574439
451,0.00470795775033239,0.011729255910409
452,0.00911871453607741,0.0160457518582043
453,0.00539916725528464,0.0130290814282832
454,0.00349356757036104,0.0108975613793808
455,0.00652954302028943,0.014074065383532
456,0.00763318692598666,0.0144680839518804
457,0.00612092745658837,0.0131655964265332
458,0.00395946568972112,0.0111176173982223
459,0.0066250139463878,0.0134756807013848
460,0.00894686686910033,0.0162971624206871
461,0.00612474629363231,0.0138881684742868
462,0.0062660432642579,0.0137537843763844
463,0.00831675875685104,0.0157009318991893
464,0.00648753581280614,0.0133494104186146
465,0.0029016478285511,0.0106673833823473
466,0.0067777674281452,0.0139300889553457
467,0.00781649110409555,0.0140714982297059
468,0.00636533302740022,0.0141302929217557
469,0.00455520426857499,0.0132981833746811
470,0.00405493661581949,0.0116291259260751
471,0.0037837991857001,0.0113223630439028
472,0.0068426876578921,0.0135961457637823
473,0.00512802982516525,0.0119200781142743
474,0.00597581164891884,0.0127527079123257
475,0.00245102505736676,0.0104517112443641
476,0.00507074726950623,0.0127907910973984
477,0.00742315088857023,0.0146344483491393
478,0.00184001113033715,0.010221637255736
479,0.00487598658026554,0.0119481666214844
480,0.00761791157781092,0.0148767927532213
481,0.00731240461429612,0.0151901300629181
482,0.00521204424013182,0.0130188512680303
483,0.0115016688514929,0.0177121307647754
484,0.00625840559017003,0.0147985502638385
485,0.0064837169757622,0.0135920929761603
486,0.00410840033443458,0.0121351255759172
487,0.00988248194486442,0.0171417268232004
488,0.0072131148511538,0.0139131163524747
489,0.00193930089347946,0.00913628794458033
490,0.00746133925900958,0.0146849593013336
491,0.00494472564705637,0.0130206907101554
492,0.0075606290221519,0.0152005499404662
493,0.00911489569903347,0.0161528813305701
494,0.00718256415480232,0.0145342050060217
495,0.00659064441299239,0.0131559661062201
496,0.00665174580569535,0.0135839692471054
497,0.00557101492226172,0.0132259400219875
498,0.0042955233495874,0.0121685915528072
499,0.00481488518756257,0.0127651207592248
500,0.00320333595502197,0.0107591016186315
501,0.00825947620119202,0.0162776533225476
502,0.00436808125342217,0.0113174277412128
503,0.00202713414548997,0.0101190732003115
504,0.00735059298473547,0.014812880532089
505,0.00489126192844128,0.0118900287436458
506,0.0054488121368558,0.013377176798511
507,0.00318042293275836,0.0114100046517356
508,0.00268779295409074,0.0103256838841072
509,0.00650662999802581,0.0147580717018552
510,0.00257704667981662,0.0106079922046152
511,0.00769428831868962,0.0151131176569342
512,0.00538771074415284,0.0123945962691582
513,0.00608273908614902,0.01361489844704
514,0.00854207014244321,0.0156511338481322
515,0.00514330517334099,0.0126379319041243
516,0.00533424702553775,0.0125160950048509
517,0.00587652188577653,0.0133575669022071
518,0.00373797314117288,0.0113737632559362
519,0.00632332581991693,0.0141219127217669
520,0.00300857526578128,0.0115795222049789
521,0.00382962523022732,0.012063040808618
522,0.00640352139783957,0.0139607536364926
523,0.00519676889195608,0.0132789166745034
524,0.00848860642382812,0.0154107038920403
525,0.00446737101656448,0.0121418612267018
526,0.0088781278023095,0.0161786594760569
527,0.00386017592657881,0.0109132209766834
528,0.00544117446276793,0.0134091789291867
529,0.00493326913592456,0.0121758498762153
530,0.00477669681712322,0.0121637935205329
531,0.00717110764367052,0.0152164375354307
532,0.00699162230260557,0.013661303542253
533,0.00275271318383763,0.0108720880223566
534,0.00552900771477843,0.0137943213689263
535,0.00742315088857023,0.0144204319522724
536,0.00658300673890452,0.0137321965806263
537,0.00583451467829324,0.012642916179322
538,0.000285744453455572,0.00808303950938388
539,0.00521586307717576,0.0125053485542887
540,0.00908816383972593,0.0151818261828556
541,0.00747661460718532,0.0148083658221453
542,0.00434134939411463,0.0114234996802317
543,0.00483779820982618,0.0127336008819613
544,0.00650662999802581,0.0140660825663421
545,0.00714437578436297,0.0145823547076197
546,0.0068426876578921,0.0132688928395992
547,0.00799215760811656,0.0169482648148149
548,0.00693052090990261,0.0148197951097393
549,0.00427642916436773,0.0118450420324101
550,0.00472323309850813,0.0121293667731195
551,0.0075606290221519,0.0147044997509262
552,0.00852297595722354,0.0147508131266604
553,0.00526550795874691,0.0137361531027735
554,0.00323770548841739,0.0112627892992894
555,0.00419623358644509,0.0112947259733045
556,0.00474614612077174,0.0132594332312845
557,0.00376852383752436,0.0115773537976531
558,0.00371887895595321,0.0120255364155532
559,0.0115933209405473,0.0208324671053263
560,0.00508602261768197,0.0123722481951759
561,0.00342864734061414,0.0107335389106669
562,0.00416186405304968,0.0113673476307683
563,0.00642261558305924,0.0136036082524001
564,0.00974118497423883,0.0173087365730087
565,0.00772102017799717,0.0156865005541491
566,0.006613557435256,0.0147773365637815
567,0.00999322821913854,0.0176309727288704
568,0.00547554399616334,0.0131787560158246
569,0.00348592989627317,0.0118584280827251
570,0.00386017592657881,0.0118889953351917
571,0.00599490583413851,0.0147388394529263
572,0.00536479772188923,0.0124148128130546
573,0.00238228599057593,0.0101170779524505
574,0.00720929601410987,0.0139242708769327
575,0.00687705719128752,0.0140385085243408
576,0.0102987351826533,0.018222978665392
577,0.00660591976116813,0.0145344725904613
578,0.00505547192133048,0.0119163629197548
579,0.00450937822404777,0.0122916780980523
580,0.00350502408149284,0.0107223231995901
581,0.00630805047174119,0.0132009767222899
582,0.00542589911459219,0.0136765526542239
583,0.0031956982809341,0.0111142795311999
584,0.00805707783786346,0.0164819810752181
585,0.00644552860532285,0.0141398062358227
586,0.00613620280476411,0.0140375905163051
587,0.00711764392505543,0.014270985020237
588,0.00491417495070489,0.0132934014020026
589,0.00640352139783957,0.0137675925975417
590,0.00678540510223307,0.0146990420324038
591,0.00507074726950623,0.0136492267691109
592,0.00305058247326457,0.0109768316806877
593,0.00132446812940591,0.00958131009488276
594,0.00321479246615378,0.0114468172736393
595,0.00512802982516525,0.0119535030091588
596,0.00511275447698951,0.0123904660935283
597,0.0138197029371615,0.0200042114187691
598,0.00843514270521303,0.014969648769659
599,0.00592234793030375,0.0142252370647186
600,0.00436426241637824,0.0117029393851669
601,0.00241283668692741,0.00966024874292792
602,0.0113680095549552,0.0180527269726435
603,0.00689615137650719,0.0142071832225597
604,0.00534952237371349,0.0130789762715485
605,0.00586506537464472,0.0138137097355093
606,0.0103636554124002,0.0167866036230751
607,0.00542971795163612,0.0132189910238581
608,0.0085955338610583,0.0153594312199716
609,0.00409694382330278,0.0115572531968092
610,0.0128726313502656,0.0209528233092263
611,0.00396328452676505,0.0122264360476763
612,0.00930583755123023,0.0162477140307529
613,0.00574668142628273,0.0132579050490633
614,0.00757590437032764,0.0142390570602628
615,0.006319506982873,0.0140245491174613
616,0.00975646032241457,0.0168857257344932
617,0.00447882752769629,0.01234746735752
618,0.00295511154716619,0.0114574073216872
619,0.00458575496492647,0.0113185896111515
620,0.00577723212263421,0.0138238086448627
621,0.00571613072993125,0.012489833612813
622,0.008083809697171,0.0154282140370679
623,0.00377616151161223,0.012580062893125
624,0.00916835941764856,0.0161214354102381
625,0.00636151419035628,0.0135843304178454
626,0.00381053104500765,0.0115021623097151
627,0.00344774152583382,0.0109042996616884
628,0.00568939887062371,0.0132746385204549
629,0.00524641377352724,0.0124097228818435
630,0.00365395872620631,0.0131577428305155
631,0.00424969730506018,0.0115988424899009
632,0.00460866798719008,0.0114971242863188
633,0.0050783849435941,0.0131540459328654
634,0.00742315088857023,0.0153061832397508
635,0.00415040754191787,0.0125413064284785
636,0.00456666077970679,0.0124764095978757
637,0.00546790632207547,0.0156659894323572
638,0.00643407209419105,0.0131099308066191
639,0.00699162230260557,0.0148867636498184
640,0.00247775691667431,0.0105150490576597
641,0.00445973334247661,0.013220203825856
642,0.00775538971139259,0.0155364895345276
643,0.00756444785919583,0.0144468946801905
644,0.0045131970610917,0.011652977827648
645,0.00607510141206115,0.0141084964912112
646,0.00995122101165525,0.0170087711416378
647,0.00580396398194176,0.0140880182007449
648,0.00755681018510796,0.0150552397590805
649,0.00416568289009361,0.0108880646912153
650,0.00395946568972112,0.0119956263926222
651,0.00458193612788254,0.0122528343515849
652,0.00465067519467337,0.0125051604097389
653,0.00751098414058074,0.0163996543456431
654,0.00506310959541835,0.0119374776220341
655,0.0061782100122474,0.0144797305332969
656,0.00926383034374694,0.0170377958594754
657,0.00428024800141166,0.0131267758922817
658,0.00572376840401912,0.0133860544548111
659,0.00423060311984051,0.0128566875355403
660,0.00622403605677462,0.0128404211057509
661,0.0056015656186132,0.0124497597590429
662,0.00641497790897137,0.0132589019178602
663,0.00540298609232858,0.0117981660978313
664,0.00709854973983575,0.0136944472902694
665,0.00711764392505543,0.0145221104897287
666,0.0100505107747976,0.0172995139893239
667,0.00718638299184626,0.0144915796414564
668,0.00460866798719008,0.0118568481567577
669,0.0014428520777679,0.00904941683363858
670,0.00518531238082428,0.0120239562114047
671,0.00916454058060463,0.0158424304657146
672,0.00862990339445372,0.0148936323621432
673,0.00498291401749572,0.0118859885437139
674,0.00370360360777747,0.0112768312298548
675,0.00444063915725694,0.011413759920475
676,0.00458575496492647,0.0118495945370596
677,0.00346301687400956,0.0113198846392171
678,0.00465067519467337,0.0119745208334421
679,0.00959988800361323,0.0170637113925829
680,0.00394419034154538,0.0117741580824177
681,0.0068312311467603,0.0140638309861246
682,0.0116773353555139,0.0180199334748734
683,0.00761027390372305,0.0151103865643327
684,0.00722075252524167,0.0153008062420959
685,0.00634242000513661,0.0142948610346166
686,0.00529987749214233,0.0121540678312094
687,0.0055251888777345,0.0130281937962315
688,0.0031842417698023,0.0110520612616261
689,0.00504401541019868,0.0139811882436708
690,0.00510129796585771,0.013067373077638
691,0.0078546794745349,0.0143111867747304
692,0.00860699037219011,0.0169721287678012
693,0.00457429845379467,0.0118792474834832
694,0.00414276986783,0.0109108839821822
695,0.00766373762233814,0.0154463729789999
696,0.00293983619899045,0.0103163830257741
697,0.00635769535331235,0.0136382091873203
698,0.00208059786410506,0.0105948240366647
699,0.00909198267676986,0.016145221195258
700,0.00684650649493604,0.0152383078736742
701,0.00664410813160748,0.014140952943432
702,0.00450937822404777,0.0124680012419156
703,0.00379143685978797,0.0113115734140035
704,0.00850006293495992,0.0158144095313314
705,0.0075720855332837,0.0155229362117587
706,0.00728567275498857,0.0143410493349537
707,0.00721693368819774,0.0145583126591789
708,0.00531515284031807,0.0120026897656175
709,0.00461248682423402,0.0118211529953824
710,0.00630423163469726,0.0138251138218912
711,0.00444445799430087,0.0116870690402564
712,0.00438717543864185,0.0123178466687617
713,0.00318806060684623,0.0107191930044397
714,0.00647607930167433,0.0135558649173964
715,0.00840077317181761,0.0154068721557147
716,0.00849624409791599,0.015380474771988
717,0.00956551847021781,0.0159047032673795
718,0.00310786502892359,0.0106556798887151
719,0.00495618215818817,0.0129549880850195
720,0.00740787554039449,0.0148835969601093
721,0.00688469486537539,0.014133012240414
722,0.00528078330692265,0.0129074403605388
723,0.0117689874445684,0.0202553803271885
724,0.00803034597855591,0.017127129306608
725,0.0040014728972044,0.0117062060247287
726,0.00316132874753869,0.0108230113398646
727,0.0100543296118415,0.0166517554819834
728,0.004730870772596,0.0121897310376764
729,0.010378930760576,0.0169653517410264
730,0.0043604435793343,0.012382940505205
731,0.00422678428279657,0.0117686631963942
732,0.00466976937989304,0.0123255776547939
733,0.00239756133875167,0.00975285373526078
734,0.00706799904348427,0.0153807906177122
735,0.00563211631496468,0.0128105105594799
736,0.00398237871198473,0.0119561874627772
737,0.00491417495070489,0.0128887401125843
738,0.00885903361708982,0.0160195600415991
739,0.0102185396047307,0.0175338166674325
740,0.00375324848934862,0.0106610820195234
741,0.00287109713219962,0.0122387334639487
742,0.00809144737125887,0.0146769552023747
743,0.00845041805338877,0.0157977345796375
744,0.00332171990338396,0.0102152106729547
745,0.00190875019712798,0.00969253208675891
746,0.00389836429701816,0.0116978975857497
747,0.0027488943467937,0.0102754785519743
748,0.00388690778588635,0.0112087214870371
749,0.00659064441299239,0.0149194907349586
750,0.00629277512356545,0.0131361326635296
751,0.00711000625096756,0.0141246575723409
752,0.00462776217240976,0.0125188824095782
753,0.00757972320737157,0.0147242831947203
754,0.00575813793741454,0.0149798969190968
755,0.00804944016377559,0.0150969639730714
756,0.00390218313406209,0.0117912977660166
757,0.00579632630785389,0.01318855793871
758,0.00324916199954919,0.0103904274599202
759,0.00268015528000287,0.0102862189802874
760,0.00294365503603439,0.011207618290673
761,0.0098251993892054,0.0164160275311528
762,0.0065486372055091,0.0144643910542596
763,0.00628131861243364,0.0135059683630745
764,0.00546408748503154,0.0133794281484987
765,0.00351266175558071,0.010930287433985
766,0.00948532289229518,0.01662874383721
767,0.00605600722684147,0.0137629777634855
768,0.00442154497203726,0.0116445621043874
769,0.00636915186444415,0.0146909004473488
770,0.00408930614921491,0.0113575526374915
771,0.0012900985960105,0.0086466510463034
772,0.00540298609232858,0.0129463025743737
773,0.0042076900975769,0.0121828972004252
774,0.00833585294207072,0.0147628729590724
775,0.00569321770766764,0.0140048168931433
776,0.00327971269590067,0.0103576154657155
777,0.00251594528711366,0.0100578676149582
778,0.00730858577725218,0.0149821572094763
779,0.00631568814582906,0.0129841713376573
780,0.00738496251813088,0.0149286583397484
781,0.00911871453607741,0.0165380553302075
782,0.00513184866220919,0.0126459034194131
783,0.00288255364333142,0.0103127344595944
784,0.00444063915725694,0.0116575526521199
785,0.00817928062326938,0.0144683319090994
786,0.00349738640740497,0.0110088355865039
787,0.00699162230260557,0.0141508008813683
788,0.00371124128186534,0.0109128060344201
789,0.00360813268167909,0.0126633735408878
790,0.00448646520178416,0.0121581266170665
791,0.00295893038421013,0.0119390493922614
792,0.00635005767922448,0.0138276701230015
793,0.00399765406016047,0.0118306071388404
794,0.00594526095256736,0.0134235418479504
795,0.0110166765469131,0.0169917011480676
796,0.00452847240926744,0.0116610611957762
797,0.00528460214396659,0.0130885928117571
798,0.00896214221727607,0.017641601397701
799,0.00614384047885198,0.0144503139412009
800,0.00502110238793507,0.0136558639083783
801,0.00513948633629706,0.0139071287900278
802,0.00613620280476411,0.0134416481001972
803,0.00691142672468293,0.0139607394617261
804,0.00500200820271539,0.0122711255533117
805,0.00505547192133048,0.0135705914682109
806,0.00604455071570967,0.013759157932553
807,0.00494472564705637,0.0138288301852392
808,0.00847333107565238,0.0156436864186533
809,0.0102910975085655,0.0169718761555425
810,0.00762173041485486,0.0158616834402038
811,0.00341719082948234,0.010625950480636
812,0.00280235806540879,0.0113234929748549
813,0.00389454545997422,0.0117490282794311
814,0.00289401015446323,0.0100355954644729
815,0.00420387126053296,0.0116636913780797
816,0.00460103031310221,0.0120966805472134
817,0.00833203410502678,0.0151363182547588
818,0.00379907453387584,0.0109088825300263
819,0.00236319180535625,0.0102012741090733
820,0.00907670732859412,0.0165929529452337
821,0.00374942965230469,0.0112160467410775
822,0.00594907978961129,0.0141563734252081
823,0.00534570353666955,0.0127324270620411
824,0.00220661948655492,0.00981515911214444
825,0.00504783424724261,0.0128317192784302
826,0.00714055694731904,0.0141342886830987
827,0.00570085538175551,0.0131612848699765
828,0.00423824079392838,0.0113322079789807
829,0.00654481836846517,0.0138495628772457
830,0.0065371806943773,0.014830336811684
831,0.00636151419035628,0.0139948349491653
832,0.0116162339628109,0.0185060827959579
833,0.00301621293986915,0.0109397840680656
834,0.00947004754411944,0.0170037243419159
835,0.00778212157070013,0.0151136072893161
836,0.00318042293275836,0.0114647041147525
837,0.00429170451254347,0.011782609180696
838,0.0114596616440096,0.0189630616243547
839,0.00315369107345082,0.0117289013126658
840,0.0102796409974337,0.0164819135659179
841,0.00612474629363231,0.0132208170709603
842,0.00772865785208504,0.0169854754404295
843,0.0090958015138138,0.0162096954542592
844,0.00484543588391406,0.0122367090601315
845,0.00728567275498857,0.0148579381422927
846,0.00643025325714711,0.0132396039278427
847,0.00924091732148333,0.0161963818139145
848,0.00741169437743843,0.0143909529567603
849,0.00502110238793507,0.0121388992516418
850,0.00997413403391887,0.0181762173249402
851,0.0042076900975769,0.0113415296071617
852,0.00919891011400004,0.0159043238305393
853,0.00512039215107738,0.012302622805208
854,0.00253503947233333,0.0106159893720497
855,0.00524641377352724,0.0137222661689701
856,0.00597963048596277,0.0126184877939064
857,0.00716346996958265,0.0154025508903781
858,0.00513566749925312,0.0130279130187296
859,0.00914162755834102,0.0159412073228029
860,0.00382962523022732,0.0119352901957589
861,0.00514330517334099,0.0136364645443407
862,0.00410458149739065,0.0134931385286991
863,0.00618584768633527,0.0140229986205059
864,0.00664792696865141,0.0133310250073991
865,0.00660973859821206,0.0135158132141382
866,0.00275653202088157,0.00980777992133606
867,0.00284818410993601,0.0107058337041066
868,0.00549081934433908,0.0126914601786622
869,0.00568176119653584,0.0130563932033162
870,0.00119080883286819,0.00867625656516702
871,0.00538771074415284,0.0127197422996642
872,0.00331026339225215,0.0109615535485284
873,0.00911107686198954,0.016322900914195
874,0.00500200820271539,0.0139291678043482
875,0.00517003703264854,0.0122607402040344
876,0.008377860149554,0.016513798146209
877,0.0067777674281452,0.0157006186819832
878,0.00214933693089589,0.0106875865617644
879,0.00771720134095323,0.0155156555041501
880,0.0126625953128492,0.0199480942366435
881,0.00408930614921491,0.01091447989795
882,0.0108371912058482,0.0196891055470008
883,0.00430316102367527,0.0116736063505357
884,0.00667083999091502,0.0136190666772305
885,0.00658300673890452,0.0132034437573506
886,0.00712910043618723,0.0150475694379818
887,0.00540298609232858,0.0120813176139458
888,0.00166434462631614,0.00931062660825813
889,0.00649899232393794,0.0136172980704091
890,0.00679686161336488,0.0140049567436048
891,0.00481106635051864,0.0119752700828311
892,0.00491799378774882,0.0125339737804514
893,0.0090308812840669,0.0154467306379183
894,0.00958079381839355,0.0162113963253155
895,0.00441390729794939,0.0127968074814076
896,0.00563593515200862,0.0130156858439416
897,0.00885139594300195,0.0155106281513142
898,0.00497527634340785,0.0128325212083399
899,0.00500200820271539,0.0124176629485367
900,0.00663647045751961,0.0146810318800557
901,0.0108371912058482,0.0179091688550296
902,0.00216843111611557,0.00944347943570359
903,0.0093898519661968,0.0153961942434156
904,0.00314987223640688,0.0109297829724729
905,0.00837022247546613,0.0156292635803241
906,0.00891631617274885,0.0164394688200944
907,0.00807999086012707,0.015153105181536
908,0.00424587846801625,0.0113529949580047
909,0.00514712401038493,0.0126681660913422
910,0.00857262083879469,0.0148815132636326
911,0.00491417495070489,0.0131547199427475
912,0.00570467421879945,0.01267625934155
913,0.0061018332713687,0.0130342041304934
914,0.00784704180044703,0.0168178515838598
915,0.00543735562572399,0.0119695095378902
916,0.0106347928425196,0.0172030684857492
917,0.013846434796469,0.0190831008077108
918,0.00483779820982618,0.0121969968356342
919,0.00675103556883766,0.0135463623944026
920,0.00854970781653108,0.0156633308435004
921,0.00797688225994082,0.0156918747892618
922,0.0021607934420277,0.0103571952659734
923,0.00630423163469726,0.014388372205214
924,0.00500582703975933,0.0124321375285399
925,0.00364632105211844,0.0113698098455213
926,0.00589179723395227,0.01497562270709
927,0.00680831812449669,0.0149902018976443
928,0.00641115907192744,0.0153980625216278
929,0.00322624897728558,0.011869330521467
930,0.00445591450543268,0.0127011547384511
931,0.00578486979672208,0.01247957572811
932,0.00657536906481665,0.0144063866505937
933,0.00718638299184626,0.0145280725847919
934,0.00557101492226172,0.0121451811482282
935,0.00421532777166477,0.0118014234702532
936,0.00500964587680326,0.0126650316891464
937,0.00803416481559985,0.017390582935776
938,0.00558247143339353,0.0126459099162234
939,0.00752244065171255,0.0152804758469145
940,0.00208059786410506,0.00940097339651402
941,0.00820219364553299,0.0150594603377634
942,0.00387545127475455,0.0119413844105097
943,0.00356994431123974,0.0109062364074895
944,0.0042840668384556,0.012369066241569
945,0.00881702640960654,0.016729368576132
946,0.00906525081746232,0.0157919070795824
947,0.00510511680290164,0.0136797314015727
948,0.00201567763435816,0.00915866526021489
949,0.00218370646429131,0.0100527353835218
950,0.00787759249679851,0.015025242676476
951,0.00622021721973068,0.0138829244962803
952,0.0102490903010822,0.0170972164662557
953,0.00680068045040882,0.0137882758400858
954,0.00562447864087681,0.0135816053702238
955,0.00663265162047567,0.0135828256613879
956,0.00511275447698951,0.0119975834546679
957,0.00506310959541835,0.0123153173837676
958,0.00399765406016047,0.0119975883568175
959,0.00206150367888538,0.00961874531669941
960,0.00905379430633051,0.0159417099059738
961,0.0116276904739428,0.0179898447130386
962,0.00848096874974025,0.0148784513918909
963,0.0042955233495874,0.0119000074410148
964,0.00809908504534674,0.0152054232639577
965,0.00813727341578609,0.0154949606036225
966,0.0100123224043582,0.0174222781971376
967,0.00699925997669344,0.0141660730685995
968,0.00474232728372781,0.0130819465409314
969,0.00509747912881377,0.0119480420444389
970,0.0055251888777345,0.0124452230951532
971,0.0073544118217794,0.0142260945727907
972,0.00321479246615378,0.0111154978979569
973,0.0042076900975769,0.0115486202490395
974,0.0035661254741958,0.0110097091603553
975,0.0111923430509342,0.0174637017270104
976,0.0031842417698023,0.0109865554114848
977,0.00872537432055209,0.0150907528229757
978,0.00356994431123974,0.0107640085652322
979,0.00545644981094367,0.0128524792783641
980,0.00541826144050432,0.0130770777886106
981,0.00870246129828848,0.0160230304982215
982,0.00539534841824071,0.0128897727531536
983,0.00696107160625409,0.0133776651050154
984,0.00308113316961605,0.0107296998991411
985,0.0039136396451939,0.0115534056220384
986,0.000614164439233989,0.00802372023243195
987,0.0108753795762875,0.0176746142514833
988,0.00532660935144988,0.0123902717461468
989,0.00402820475651195,0.0120709116761632
990,0.00575050026332667,0.0137930342432417
991,0.00414276986783,0.0114633050220213
992,0.0034019154813066,0.01133905324321
993,0.00261523505025597,0.00998776041215991
994,0.00393273383041357,0.0113863547070293
995,0.00526168912170298,0.0130484937387799
996,0.0113336400215598,0.0175927668250208
997,0.00431461753480708,0.0114074060471462
998,0.00439099427568578,0.0121592820986095
999,0.00257704667981662,0.0109806159809528
1000,0.00293601736194652,0.0102523412616076
1001,0.00848096874974025,0.0157242985808094
1002,0.00444827683134481,0.0111104299056044
1003,0.00525787028465904,0.0120360681092819
1004,0.00514712401038493,0.0128138962506437
1005,0.00189347484895224,0.00956518388232393
1006,0.00190493136008405,0.0100530431122538
1007,0.00276798853201337,0.0125339654817031
1008,0.00222571367177459,0.0101205641758775
1009,0.00298184340647374,0.010672037025242
1010,0.00581542049307357,0.0134667402067115
1011,0.00835494712729039,0.0160155863633486
1012,0.0027603508579255,0.0103177153929929
1013,0.00745752042196565,0.0146275473412674
1014,0.00484543588391406,0.0120594346363902
1015,0.0050783849435941,0.0128334370712805
1016,0.00839695433477368,0.0150863341505071
1017,0.00393273383041357,0.0115776084935326
1018,0.00447118985360842,0.0122447832768681
1019,0.00496381983227604,0.0125911800257732
1020,0.00316896642162656,0.010601667275135
1021,0.00685032533197997,0.0139796651358448
1022,0.00403202359355588,0.0121890732850612
1023,0.00559774678156927,0.0129533926361942
1024,0.00375706732639256,0.0119780793101752
1025,0.00412749451965426,0.0117977296390374
1026,0.00639970256079563,0.0135591305767402
1027,0.00676249207996946,0.0145032691211071
1028,0.0088781278023095,0.0168921863785603
1029,0.0061896665233792,0.0135849024157614
1030,0.00503637773611081,0.0124223475934887
1031,0.00153068532977841,0.00895828796583863
1032,0.00127864208487869,0.00840249900731099
1033,0.00371506011890927,0.0122307958773816
1034,0.00902324360997903,0.0163698181080112
1035,0.00977173567059031,0.0183054892175269
1036,0.0045781172908386,0.0127849411966593
1037,0.00832057759389498,0.0153256244766158
1038,0.00235173529422445,0.0107223245646674
1039,0.00496381983227604,0.0128962154699001
1040,0.0022371701829064,0.0101781321695668
1041,0.00334463292564757,0.0116955303993264
1042,0.00507456610655016,0.0123934010744108
1043,0.00604073187866574,0.0130746004252047
1044,0.00497527634340785,0.0123217483989203
1045,0.00841222968294942,0.014900301235766
1046,0.00741551321448236,0.01464074871891
1047,0.00673194138361798,0.014701196680814
1048,0.0106768000500029,0.0167633417578338
1049,0.00707181788052821,0.0144816325070301
1050,0.00790050551906212,0.0160497103327505
1051,0.00604455071570967,0.0131117001330987
1052,0.00236319180535625,0.00989455815106995
1053,0.00271834365044222,0.0112972832371586
1054,0.00211114856045654,0.0106645794401701
1055,0.00483397937278225,0.0119703505493636
1056,0.00259232202799236,0.010039798741183
1057,0.00812581690465429,0.0150881536243894
1058,0.00235173529422445,0.0106362503134264
1059,0.00540680492937251,0.0136515938462262
1060,0.0074307885626581,0.0144976682406192
1061,0.00414658870487394,0.0119458124014847
1062,0.00528460214396659,0.012251025757644
1063,0.00714055694731904,0.0142897420506263
1064,0.00549463818138302,0.0130955993984249
1065,0.0104896770348501,0.0172073656850518
1066,0.00436426241637824,0.0131662233717005
1067,0.0077133825039093,0.0165657492939568
1068,0.00564357282609649,0.0138453352100568
1069,0.0073544118217794,0.0140606838406972
1070,0.00791578086723786,0.016600799627169
1071,0.00340955315539447,0.0111015994417899
1072,0.00506692843246229,0.0122494396761281
1073,0.00512039215107738,0.0123897110749591
1074,0.0105698726127727,0.0178719577681676
1075,0.00979846752989785,0.015973989954362
1076,0.00632332581991693,0.0138412698499636
1077,0.00365777756325025,0.0111772031037336
1078,0.00454374775744318,0.0116436251489192
1079,0.00509366029176984,0.012496185158398
1080,0.0058841595598644,0.0131180470685511
1081,0.00567030468540403,0.0156661759540461
1082,0.00397474103789686,0.0109951994216791
1083,0.00405493661581949,0.0110040119754126
1084,0.00608273908614902,0.0135166534061957
1085,0.00576577561150241,0.0139372979800881
1086,0.00850770060904779,0.0154973586771503
1087,0.00605218838979754,0.0131254159593425
1088,0.0091072580249456,0.0159936868325105
1089,0.0031193215400554,0.010639302991196
1090,0.00510129796585771,0.0120098780469554
1091,0.00730094810316431,0.0147751696069807
1092,0.0113641907179112,0.0178047271116773
1093,0.00279090155427698,0.0110349751962067
1094,0.00693433974694654,0.0147310703193652
1095,0.00393273383041357,0.0123178278537403
1096,0.00568176119653584,0.0133518259895787
1097,0.00507074726950623,0.0130311281434134
1098,0.004436820320213,0.0124028945851423
1099,0.00262669156138777,0.0102817737226049
1100,0.00490271843957308,0.0122184249155198
1101,0.00241665552397135,0.0100299609659906
1102,0.00271070597635435,0.0107122961659827
1103,0.00307731433257211,0.011114158215275
1104,0.00379525569683191,0.0127490966054551
1105,0.00613620280476411,0.0130417685369125
1106,0.0028252710876724,0.010541135466667
1107,0.00500582703975933,0.0129893596411587
1108,0.011436748621746,0.0181902593140626
1109,0.0063309634940048,0.0135330820361821
1110,0.00599108699709458,0.0129351790877088
1111,0.0106424305166075,0.0183874457763801
1112,0.00069817885420056,0.00816968598893337
1113,0.012674051823981,0.0209256383924746
1114,0.00487980541730947,0.0122025880845161
1115,0.00491799378774882,0.0120161020617185
1116,0.0073544118217794,0.0141503382138782
1117,0.00337136478495512,0.0106371923986271
1118,0.00198512693800668,0.00992117544172505
1119,0.00383344406727126,0.0115117249294705
1120,0.00528460214396659,0.0125892241540731
1121,0.0140984780413687,0.0200818886670339
1122,0.00562447864087681,0.0128951171601485
1123,0.00552900771477843,0.0125442257868167
1124,0.00479197216529896,0.0119304346714656
1125,0.0117193425629972,0.0171601743015312
1126,0.00407021196399523,0.0122052500583566
1127,0.00760263622963518,0.0145624014203527
1128,0.0039136396451939,0.0114342510394131
1129,0.00373033546708501,0.0121552347529663
1130,0.00452083473517957,0.0119404667531213
1131,0.00925619266965907,0.0161227778965191
1132,0.00196603275278701,0.00973631774699993
1133,0.00419623358644509,0.012471831074468
1134,0.0067013906872665,0.0138705970189446
1135,0.00491799378774882,0.012147555225938
1136,0.00410458149739065,0.0111970654130694
1137,0.00651808650915762,0.0141585263666841
1138,0.0078546794745349,0.0154979222426346
1139,0.00468886356511272,0.0124165164567966
1140,0.00312695921414327,0.0106425509446439
1141,0.00404729894173162,0.0116218183983817
1142,0.00623167373086249,0.0126636076361888
1143,0.00423442195688444,0.0111886227404088
1144,0.00626222442721397,0.0128894640851708
1145,0.00593380444143555,0.0148084053358753
1146,0.00214933693089589,0.00970245598523283
1147,0.00591471025621588,0.0138841934575938
1148,0.00140466370732855,0.0101227311373068
1149,0.00395564685267718,0.0111414058060325
1150,0.00809908504534674,0.0143870193161551
1151,0.00935166359575745,0.0166971123145369
1152,0.00601400001935819,0.0139028332596274
1153,0.00279853922836485,0.0104349434727632
1154,0.00658300673890452,0.0156890307740568
1155,0.00245102505736676,0.00956690473377757
1156,0.00463921868354156,0.0135145520361293
1157,0.00805325900081952,0.0147529355315622
1158,0.00547554399616334,0.0126806271533211
1159,0.0106768000500029,0.0172072702113776
1160,0.00438335660159791,0.0122462920167587
1161,0.00197367042687488,0.0100458722987725
1162,0.00642643442010318,0.0136415502247183
1163,0.00767137529642601,0.0157867177709162
1164,0.0057428625892388,0.0135438945951183
1165,0.00607892024910509,0.0140793793585324
1166,0.00623931140495036,0.0134848011332748
1167,0.0047194142614642,0.0122656004873142
1168,0.010497314708938,0.0179916385242981
1169,0.0068426876578921,0.0137178006510264
1170,0.00448264636474022,0.0127518543312903
1171,0.00916072174356069,0.0164882044859754
1172,0.00592616676734768,0.0127129795909807
1173,0.011788081629788,0.0176109935933008
1174,0.00701835416191311,0.0148186715482795
1175,0.00544499329981186,0.0134914314052202
1176,0.00332553874042789,0.011572464839337
1177,0.00550609469251482,0.0130982562814552
1178,0.00568939887062371,0.0137271496850223
1179,0.00559392794452533,0.0125143374732554
1180,0.00841222968294942,0.0164688866759041
1181,0.00474232728372781,0.0134263244485775
1182,0.00298566224351767,0.0108451744754485
1183,0.00634242000513661,0.0141656426461128
1184,0.00611710861954444,0.0131751234205133
1185,0.00528460214396659,0.0130397630860094
1186,0.00588797839690833,0.0132182821657013
1187,0.00408548731217097,0.0117363683455032
1188,0.00518149354378034,0.0131776401845333
1189,0.00745370158492171,0.0139467150859878
1190,0.00458575496492647,0.0125545020843621
1191,0.00431461753480708,0.0119879528298288
1192,0.00970299660379948,0.0157981365539474
1193,0.00483397937278225,0.0119661696869771
1194,0.00151159114455873,0.00925225143948979
1195,0.00164525044109646,0.00920789460287999
1196,0.00521586307717576,0.0123330483313924
1197,0.00711382508801149,0.0142041119073438
1198,0.00906143198041838,0.0166963554364596
1199,0.00192402554530372,0.00945883795639676
1200,0.004730870772596,0.012002410114564
1201,0.00207677902706112,0.00911522534078642
1202,0.00759881739259125,0.0143579177977873
1203,0.00410458149739065,0.0112064375711747
1204,0.00696107160625409,0.0138672859071858
1205,0.00247393807963037,0.0105098954167062
1206,0.00688469486537539,0.0137878884825146
1207,0.00761791157781092,0.014744704609528
1208,0.00417332056418148,0.0119194762951038
1209,0.00397092220085292,0.0120218469069211
1210,0.00538007307006497,0.0123914783842194
1211,0.00559774678156927,0.0136748630654102
1212,0.00821746899370873,0.0154452027385747
1213,0.00377998034865617,0.0114564386025742
1214,0.00681213696154062,0.0155539359441633
1215,0.00655627487959697,0.0141568024997898
1216,0.00429170451254347,0.0117839631447707
1217,0.00993594566347951,0.0173654453911899
1218,0.0077133825039093,0.0158881281781883
1219,0.00623167373086249,0.0135522809808935
1220,0.00465067519467337,0.0119113326455351
1221,0.002966568058298,0.0100211535971763
1222,0.00332935757747183,0.0126214320902459
1223,0.00937075778097712,0.0156080842543546
1224,0.00397855987494079,0.0110599660850058
1225,0.00564739166314042,0.0131952135781352
1226,0.00445209566838874,0.0113560615246583
1227,0.00219898181246705,0.00972710432272812
1228,0.00281381457654059,0.0112663417494663
1229,0.00817164294918151,0.0149008600067398
1230,0.00296274922125406,0.0105892785419515
1231,0.0039900163860726,0.0117135805542315
1232,0.00208441670114899,0.00917024305749993
1233,0.00402438591946801,0.012754800305991
1234,0.00226390204221394,0.00954664844333506
1235,0.0130444790172427,0.0202465864392343
1236,0.00427261032732379,0.0111327358433544
1237,0.00651044883506975,0.0137812620517683
1238,0.0104820393607622,0.0166674458063035
1239,0.00786231714862277,0.0150256850480455
1240,0.00349356757036104,0.0105262478853448
1241,0.00647989813871827,0.0147976031249776
1242,0.00687323835424358,0.0146671273334043
1243,0.00547936283320728,0.0135788876346648
1244,0.00327589385885674,0.0104135385855283
1245,0.00405875545286343,0.0139604036313692
1246,0.00413513219374213,0.011741052885047
1247,0.0085955338610583,0.0157138512516561
1248,0.00711382508801149,0.0142348949461006
1249,0.00737732484404301,0.0145599089697643
1250,0.00798833877107263,0.0156050475542511
1251,0.00389454545997422,0.0115041784801014
1252,0.00736968716995514,0.0159094999028618
1253,0.00426115381619199,0.0120619324292855
1254,0.00320333595502197,0.0110633350192962
1255,0.00594907978961129,0.0132076463857831
1256,0.00492945029888063,0.0119194243401468
1257,0.0102910975085655,0.0173020257422352
1258,0.00900414942475936,0.0162873935556507
1259,0.00645698511645466,0.0142575271986174
1260,0.0108601042281118,0.0176912875699774
1261,0.00453229124631138,0.0126035343218078
1262,0.00613238396772018,0.0136001845250007
1263,0.00691524556172687,0.0144184778261291
1264,0.00488362425435341,0.0119585162050214
1265,0.00200422112322636,0.00954526183815336
1266,0.00621639838268675,0.0137031952114436
1267,0.00403966126764375,0.0117058540051703
1268,0.00326825618476887,0.0116492817791277
1269,0.00625840559017003,0.0129917258969473
1270,0.00388690778588635,0.0123888026318968
1271,0.00263432923547564,0.0103719049059904
1272,0.00390982080814996,0.0112227281853545
1273,0.00510511680290164,0.0125572519545475
1274,0.00439099427568578,0.0118464997356249
1275,0.0015841490483935,0.00938182393288463
1276,0.00539152958119677,0.013003337756732
1277,0.00509747912881377,0.0136899238936548
1278,0.00427261032732379,0.0115134668666395
1279,0.00694197742103441,0.0137484088485836
1280,0.00408930614921491,0.0108867212464523
1281,0.00510511680290164,0.0125900913357564
1282,0.00682359347267243,0.0137432779758728
1283,0.00377616151161223,0.0117559595537
1284,0.00409694382330278,0.0113067778045901
1285,0.00366923407438205,0.0111018370079653
1286,0.00480342867643077,0.0124872934537827
1287,0.00707181788052821,0.0135750411025961
1288,0.00666320231682715,0.0133746796147292
1289,0.0088781278023095,0.0173611891843331
1290,0.00678922393927701,0.0142070235951643
1291,0.00844659921634483,0.0152826501946707
1292,0.00396328452676505,0.011435011190652
1293,0.0057428625892388,0.0141352255137621
1294,0.00701071648782524,0.0145954404227473
1295,0.00761027390372305,0.0139413362672773
1296,0.00597963048596277,0.0131801818442753
1297,0.00539152958119677,0.0135357940652661
1298,0.00751480297762467,0.0143519815369289
1299,0.00649899232393794,0.0144326829264385
1300,0.0068312311467603,0.0146144004067942
1301,0.0096839024185798,0.0163647032686897
1302,0.00395564685267718,0.0109008370608457
1303,0.00707945555461608,0.0138458840255375
1304,0.00536097888484529,0.0128618851321522
1305,0.00696107160625409,0.0135531568239917
1306,0.00531897167736201,0.0128860593976769
1307,0.00613620280476411,0.0139240213263577
1308,0.00398237871198473,0.0116837165180652
1309,0.00435280590524643,0.0118152318091017
1310,0.00770956366686536,0.0147881331609469
1311,0.00534570353666955,0.012723977385259
1312,0.00521204424013182,0.0125333885835599
1313,0.00549081934433908,0.0139049355472875
1314,0.00203477181957784,0.0101949687327644
1315,0.00521968191421969,0.0126708302067851
1316,0.00790050551906212,0.0145940312331175
1317,0.00598726816005064,0.0134756741888208
1318,0.0048721677432216,0.0130604131897593
1319,0.006907607887639,0.0140249986330835
1320,0.0082136501566648,0.0154533487074592
1321,0.00722839019932954,0.0149115570000261
1322,0.00415422637896181,0.011578194068872
1323,0.00219134413837918,0.00966110702248476
1324,0.00468886356511272,0.0117466538315446
1325,0.00645316627941072,0.0136204617643117
1326,0.00379907453387584,0.0113801752310651
1327,0.00630041279765332,0.0136882999420639
1328,0.00386781360066668,0.0117553862177664
1329,0.00604455071570967,0.0134341511673665
1330,0.0042191466087087,0.0114358699338561
1331,0.00405493661581949,0.010804476463893
1332,0.00371887895595321,0.0108720850118257
1333,0.00966098939631619,0.0164769508987472
1334,0.00382198755613945,0.0117368632582288
1335,0.00673576022066192,0.014782103718039
1336,0.00725512205863709,0.0142346929105989
1337,0.00646462279054253,0.0133938326056859
1338,0.00213024274567621,0.00927957167231721
1339,0.00253503947233333,0.0105871560192004
1340,0.00144667091481184,0.00948237312556761
1341,0.00459721147605828,0.012476540602347
1342,0.00547936283320728,0.0133118736939819
1343,0.0034133719924384,0.0108087388081178
1344,0.00455138543153105,0.0112765183734189
1345,0.0037074224448214,0.0109822452066453
1346,0.00340955315539447,0.0104154245116697
1347,0.0045017405499599,0.0123814682595446
1348,0.00612092745658837,0.0128248265643851
1349,0.00337136478495512,0.0115088508407751
1350,0.00392891499336964,0.011103612665535
1351,0.00811436039352248,0.0146705796730422
1352,0.00591089141917194,0.0139160104210284
1353,0.00355085012602006,0.0113787917252888
1354,0.00762173041485486,0.0160413296441911
1355,0.00492563146183669,0.0129949762439879
1356,0.0045781172908386,0.0116348798614753
1357,0.00801125179333624,0.0157828834775424
1358,0.00600636234527032,0.0145987914512726
1359,0.00638060837557596,0.0137576998887054
1360,0.00404348010468769,0.0113069664760967
1361,0.0096839024185798,0.0170040712978238
1362,0.00678158626518914,0.0135399534295085
1363,0.00564357282609649,0.0135585785440537
1364,0.00498291401749572,0.0127805590916683
1365,0.00415804521600574,0.0125778188638998
1366,0.00684650649493604,0.014869241444873
1367,0.00711000625096756,0.0137914609170223
1368,0.00861080920923404,0.0174746613601755
1369,0.00519676889195608,0.0138786900614679
1370,0.00282145225062846,0.00985858984671643
1371,0.0078546794745349,0.0148813918242559
1372,0.00518149354378034,0.0117605207115875
1373,0.00751480297762467,0.0150639762401161
1374,0.00293219852490258,0.0109338063897902
1375,0.00541826144050432,0.0136140120521753
1376,0.00295129271012226,0.0109475120548437
1377,0.00506310959541835,0.0122402556678901
1378,0.0120172118524241,0.0180021430590072
1379,0.00531133400327414,0.0141086945495805
1380,0.00591471025621588,0.0134424182903776
1381,0.00172162718197516,0.00926080433326406
1382,0.00491417495070489,0.0124876300721062
1383,0.00594144211552342,0.0128338412035845
1384,0.00731622345134005,0.0147719768262833
1385,0.00998940938209461,0.0168516861326933
1386,0.00432225520889495,0.0117361275577809
1387,0.00437190009046611,0.0118774380416498
1388,0.00771720134095323,0.0148262444962437
1389,0.00402056708242408,0.0121779675116409
1390,0.00307731433257211,0.0114747059980989
1391,0.00315750991049475,0.0117023956497296
1392,0.00301621293986915,0.0106463520567327
1393,0.00393655266745751,0.0116976853919524
1394,0.0043604435793343,0.0116659491854723
1395,0.00419241474940116,0.0116877600170495
1396,0.00497145750636391,0.0136946872812095
1397,0.0061132897825005,0.0136353451917154
1398,0.00386017592657881,0.0109979400971021
1399,0.00654099953142123,0.013691419421626
1400,0.00934402592166958,0.0174776174120762
1401,0.00571231189288732,0.0127577323523745
1402,0.00481488518756257,0.0129793868547165
1403,0.00634242000513661,0.013396313261161
1404,0.0109517563171662,0.018491844735122
1405,0.00326825618476887,0.0106714898982961
1406,0.00437953776455398,0.0115195485942229
1407,0.00464685635762943,0.0128956350383449
1408,0.00816400527509364,0.0143615744934505
1409,0.00677394859110127,0.0142887923546736
1410,0.0081487299269179,0.0159993247032592
1411,0.00635005767922448,0.0139649277286595
1412,0.00358521965941548,0.011063052567235
1413,0.0075606290221519,0.0141802887504493
1414,0.00355085012602006,0.0106797976814066
1415,0.00859935269810224,0.0161722372376627
1416,0.00699162230260557,0.0143542330002542
1417,0.00588797839690833,0.0135137961233326
1418,0.00338282129608692,0.0110910265402081
1419,0.00564739166314042,0.0122893296228828
1420,0.00953496777386633,0.0166781642772166
1421,0.00374179197821682,0.0117565814784265
1422,0.0035661254741958,0.0105982370133028
1423,0.0088781278023095,0.0161726794108191
1424,0.00571613072993125,0.0144213538373095
1425,0.00232118459787297,0.00956560599303929
1426,0.00309640851779179,0.010540414569192
1427,0.00226390204221394,0.00968259243321917
1428,0.00269924946522254,0.010180315275187
1429,0.00683504998380423,0.0142965731277562
1430,0.00369978477073353,0.0114163265568239
1431,0.00910343918790167,0.0157914717362088
1432,0.00660973859821206,0.0139164497734794
1433,0.00251594528711366,0.0104354860456644
1434,0.00843132386816909,0.01487586717422
1435,0.000553063046531027,0.00821572380131779
1436,0.00621639838268675,0.0140020243077305
1437,0.0099130326412159,0.01830345095488
1438,0.00541826144050432,0.013220394452866
1439,0.00583451467829324,0.0135136169575951
1440,0.00749188995536106,0.0148420861717296
1441,0.00757590437032764,0.0136971323913056
1442,0.00611710861954444,0.0152136124136204
1443,0.0060369130416218,0.0136053892626957
1444,0.00484925472095799,0.0119177445076011
1445,0.00905379430633051,0.0154445931060941
1446,0.00793869388950147,0.0161549822936398
1447,0.00564357282609649,0.0137488538817893
1448,0.00693052090990261,0.0138952355888211
1449,0.00339045897017479,0.0118925155817299
1450,0.00438335660159791,0.0123590708941132
1451,0.00203859065662177,0.00962673970416293
1452,0.00552137004069056,0.0138658706414036
1453,0.00716346996958265,0.0138004026574958
1454,0.00678922393927701,0.0139701942530723
1455,0.00402820475651195,0.0112541811153464
1456,0.00617057233815953,0.0133777672078858
1457,0.00357376314828367,0.0109337297893459
1458,0.00434134939411463,0.0114526328146382
1459,0.0024663004055425,0.0094143699186066
1460,0.00211114856045654,0.0100724285659511
1461,0.00856880200175076,0.0150986853553108
1462,0.00528078330692265,0.012773892977818
1463,0.00482634169869438,0.0128367683476463
1464,0.00601781885640212,0.013544299232487
1465,0.00497909518045178,0.0117964356469822
1466,0.00602163769344606,0.0131165996039873
1467,0.00568939887062371,0.0135075001411077
1468,0.0043489870682025,0.011711612279893
1469,0.00897741756545181,0.0169944115564002
1470,0.00971827195197522,0.0165814480617226
1471,0.00541062376641645,0.0136564773038337
1472,0.00586888421168866,0.0127198901464944
1473,0.00542208027754825,0.0124717198620124
1474,0.00640352139783957,0.0140011584517202
1475,0.00422678428279657,0.0111121397945507
1476,0.0070603613693964,0.013925309902072
1477,0.00407021196399523,0.01116822957049
1478,0.00850006293495992,0.0166479298291849
1479,0.0047957910023429,0.011883093632857
1480,0.00619348536042314,0.0133484338507477
1481,0.00349738640740497,0.0114954875416154
1482,0.00353557477784432,0.0105917984381714
1483,0.00337900245904299,0.0112793503852035
1484,0.00605218838979754,0.0127319417054703
1485,0.00698780346556163,0.0134385905031372
1486,0.00651426767211368,0.0137795431970706
1487,0.00345537919992169,0.0125582095258949
1488,0.00529223981805446,0.0126533475882076
1489,0.00843896154225696,0.0172402810409005
1490,0.00337900245904299,0.0105677549631724
1491,0.00577341328559028,0.0140516618577514
1492,0.00559392794452533,0.0127804435656894
1493,0.00788523017088638,0.0155452916986762
1494,0.00277562620610124,0.0102597297641554
1495,0.00363486454098664,0.010988697928581
1496,0.00560920329270107,0.013266192397961
1497,0.00242429319805922,0.0101539083658885
1498,0.00499055169158359,0.0122186182535813
1499,0.00479197216529896,0.0119946438414678
1500,0.00580014514489783,0.0141474888291487
1501,0.00259614086503629,0.0101243628124551
1502,0.00253885830937727,0.00955897915396125
1503,0.00576577561150241,0.0127179219652152
1504,0.00466595054284911,0.0123647316017256
1505,0.00486453006913373,0.0132539783822921
1506,0.00811436039352248,0.016142858056344
1507,0.00646080395349859,0.0139236380022636
1508,0.00707563671757214,0.0138343618318238
1509,0.0056779423594919,0.013025850361314
1510,0.00814109225283003,0.0153154147255571
1511,0.0034782922221853,0.0108142363874348
1512,0.00668611533909076,0.0138083529064529
1513,0.0036310457039427,0.0124026957199981
1514,0.0063958837237517,0.0153700667339325
1515,0.000808925128474678,0.00949658321582522
1516,0.00777066505956833,0.0150798580056172
1517,0.00816400527509364,0.0162252189104262
1518,0.00587270304873259,0.0132116488451416
1519,0.00892395384683672,0.0165909470225012
1520,0.00551755120364663,0.0146804138131251
1521,0.00557101492226172,0.0125129923380368
1522,0.00825565736414808,0.0155818972728404
1523,0.00247393807963037,0.010761529167587
1524,0.00443300148316907,0.0118091315272506
1525,0.00694961509512228,0.0140741071120163
1526,0.00605982606388541,0.0133716964547021
1527,0.00798833877107263,0.0158811863826235
1528,0.00350884291853678,0.0122676931345446
1529,0.00739641902926269,0.0154429105652792
1530,0.00186674298964469,0.00973519264055665
1531,0.00312314037709934,0.011268133589217
1532,0.00974118497423883,0.0165059856190877
1533,0.00604073187866574,0.0146661733621034
1534,0.00790814319314999,0.0163810241311951
1535,0.0069954411396495,0.0147476912671742
1536,0.00322624897728558,0.0111095675124149
1537,0.00667847766500289,0.0134537712647502
1538,0.00674721673179372,0.0136523312832474
1539,0.00596817397483097,0.0131404912829436
1540,0.00335990827382331,0.0114788464006911
1541,0.00520822540308789,0.0128495853952875
1542,0.00877501920212325,0.0154849221614263
1543,0.00605218838979754,0.0132934520614412
1544,0.00318806060684623,0.011451930503705
1545,0.0052311384253515,0.0123475794704374
1546,0.00171398950788729,0.00936290963997981
1547,0.00667465882795896,0.0142957469392439
1548,0.00602163769344606,0.0131709855579565
1549,0.00727421624385677,0.0145295495243381
1550,0.00707181788052821,0.0133834266362472
1551,0.00449028403882809,0.0121647567101213
1552,0.00586506537464472,0.0138193654423615
1553,0.00581542049307357,0.0135842184459826
1554,0.00314223456231901,0.0103412805660359
1555,0.00858025851288256,0.0149355354897915
1556,0.00551373236660269,0.012930977419298
1557,0.00490271843957308,0.0133822962009914
1558,0.00345156036287775,0.0108409948573267
1559,0.00408166847512704,0.0120837551540754
1560,0.00455138543153105,0.0138493510579809
1561,0.0102872786715215,0.0184406364289753
1562,0.00407403080103917,0.0116189343809177
1563,0.00447118985360842,0.0116467473783038
1564,0.00150395347047086,0.00890967523750506
1565,0.0108257346947164,0.0173529144858006
1566,0.0080723531860392,0.0149000423100965
1567,0.0085840773499265,0.0156517095132082
1568,0.00832439643093891,0.0152400513956537
1569,0.00499437052862752,0.0119212560838672
1570,0.00276798853201337,0.0105848865382424
1571,0.00615529698998379,0.0136702387115292
1572,0.00491417495070489,0.0130385803536375
1573,0.0101192498415884,0.0179681255126089
1574,0.00137029417393313,0.00939351888743349
1575,0.0084542368904327,0.0147671489051992
1576,0.00521204424013182,0.0129521383917292
1577,0.00399765406016047,0.0118430153973049
1578,0.00385253825249094,0.0114954134293475
1579,0.00476524030599142,0.0120210107475268
1580,0.00485307355800193,0.0114994157118561
1581,0.00958461265543749,0.0163495714536944
1582,0.00445209566838874,0.0114086555224898
1583,0.000266650268235896,0.00876247432719723
1584,0.00796542574880901,0.0148989679541326
1585,0.00575813793741454,0.0135066756749482
1586,0.00365013988916238,0.011171659934127
1587,0.0052311384253515,0.0126045898274541
1588,0.00460484915014615,0.011842337273408
1589,0.00809144737125887,0.0153195519487376
1590,0.00358140082237154,0.0109747000687154
1591,0.00935166359575745,0.0152124850740479
1592,0.00737350600699908,0.0145645832485316
1593,0.00529605865509839,0.0124133840904857
1594,0.00802270830446804,0.0150030648488318
1595,0.00332553874042789,0.0124850869174248
1596,0.00687323835424358,0.0138272635752101
1597,0.0024548438944107,0.0110337103553482
1598,0.00709091206574788,0.0137707950939702
1599,0.00950441707751485,0.0170361844531566
1600,0.00798833877107263,0.0145898140589608
1601,0.00442154497203726,0.0135700088604396
1602,0.00583069584124931,0.0125103332774117
1603,0.00825947620119202,0.0165182968181472
1604,0.00304676363622063,0.0103574843851364
1605,0.00530369632918627,0.0135593952494264
1606,0.00300475642873735,0.0112862620326035
1607,0.00633478233104874,0.014427963632138
1608,0.00919891011400004,0.0164551720379829
1609,0.00353175594080039,0.0113198678025124
1610,0.0050898414547259,0.0134721117372289
1611,0.0112992704881643,0.0192101486177439
1612,0.00563211631496468,0.0128541642304618
1613,0.00633478233104874,0.0141824433514071
1614,0.00389072662293029,0.0113946142108554
1615,0.0036959659336896,0.0112210971697827
1616,0.00514712401038493,0.0129401157225953
1617,0.00456284194266286,0.0120602530774033
1618,0.00613620280476411,0.0133849393219022
1619,0.00796160691176508,0.0147864461392589
1620,0.00837404131251007,0.0146496959429292
1621,0.00590325374508407,0.0130386300769663
1622,0.00331026339225215,0.0117349796548898
1623,0.00449028403882809,0.0112327784426444
1624,0.00731622345134005,0.0150884639385333
1625,0.010905930272639,0.0179716668010512
1626,0.00479197216529896,0.0136012596994282
1627,0.00933256941053777,0.0165935879145348
1628,0.00668229650204683,0.0140211473100862
1629,0.0061896665233792,0.0140596204255324
1630,0.0053838919071089,0.0124573330546683
1631,0.00691142672468293,0.0154935246838168
1632,0.00449410287587203,0.0115758616645033
1633,0.00574668142628273,0.0131316599659426
1634,0.00478433449121109,0.0120367900643812
1635,0.00390218313406209,0.0110074813200995
1636,0.00353939361488826,0.01152111494636
1637,0.0061132897825005,0.0135534248444653
1638,0.00834730945320252,0.0153302596364922
1639,0.00381816871909552,0.0118891583245245
1640,0.0068426876578921,0.0141444255131959
1641,0.00393273383041357,0.0111349451044348
1642,0.00814491108987396,0.0143820886669374
1643,0.00903851895815477,0.0163032047061625
1644,0.0107646333020134,0.0200544308900666
1645,0.00900796826180329,0.0167272612116487
1646,0.00707945555461608,0.0150363390679621
1647,0.00203859065662177,0.0093896085088128
1648,0.00486453006913373,0.0123313585290861
1649,0.00584597118942505,0.0132086774175669
1650,0.00840459200886155,0.0152879070393896
1651,0.00638442721261989,0.0131767730073426
1652,0.00296274922125406,0.0116505284602489
1653,0.00242811203510315,0.00993504042029471
1654,0.00526550795874691,0.012245660003181
1655,0.00646844162758646,0.0140514289840356
1656,0.0039136396451939,0.0108103392616315
1657,0.00800361411924837,0.0151324913711679
1658,0.0062660432642579,0.0133756753776663
1659,0.00463158100945369,0.0117902180565129
1660,0.00366541523733812,0.0112576316876761
1661,0.0100963368193248,0.01726705394701
1662,0.00418477707531329,0.0118945089632283
1663,0.00368832825960173,0.0117309347946984
1664,0.00465831286876124,0.0141512422891125
1665,0.00662883278343174,0.0146842448936346
1666,0.00555573957408598,0.0126515584796398
1667,0.00637297070148809,0.013396520193188
1668,0.00717110764367052,0.0150607198877241
1669,0.00789668668201818,0.0156042100143024
1670,0.00699925997669344,0.0143041011286294
1671,0.00807617202308313,0.0144631806495194
1672,0.0051547616844728,0.0132870892849398
1673,0.0077248390150411,0.016297675089115
1674,0.0090308812840669,0.0170247430068124
1675,0.00888576547639737,0.0161777727380205
1676,0.00635387651626841,0.0133624720708171
1677,0.00328735036998854,0.0108840856121515
1678,0.00613238396772018,0.0138308890668329
1679,0.00205386600479751,0.0101573773350071
1680,0.00445209566838874,0.0122273251111305
1681,0.00295511154716619,0.0113838179247006
1682,0.0058956160709962,0.0130990422331736
1683,0.00951205475160272,0.0177828004029241
1684,0.00553282655182237,0.0135633764234827
1685,0.00421150893462083,0.0117934784958175
1686,0.00621257954564281,0.0142104843162612
1687,0.00417713940122542,0.0124314658092839
1688,0.000812743965518613,0.00826789939327309
1689,0.00614765931589592,0.0138494513045928
1690,0.00233645994604871,0.0105782274295641
1691,0.00655245604255304,0.0143964008193796
1692,0.00498673285453965,0.0123802532305
1693,0.00548318167025121,0.0128619370230095
1694,0.0048607112320898,0.0123460960912977
1695,0.00800361411924837,0.0149247001292132
1696,0.00303912596213276,0.0114203038400347
1697,0.00677394859110127,0.0143607163363331
1698,0.00298566224351767,0.010594190037882
1699,0.00987866310782049,0.0169779996481419
1700,0.00337900245904299,0.0115150711258115
1701,0.0121317769637422,0.0189512025034048
1702,0.00704126718417673,0.0152353035482882
1703,0.00393655266745751,0.0123223834282233
1704,0.00539152958119677,0.0125272275325589
1705,0.00724748438454922,0.0147323578239329
1706,0.00606746373797328,0.0127819816671984
1707,0.00292837968785865,0.00985900701825883
1708,0.00649517348689401,0.0143770418782167
1709,0.00409694382330278,0.012205008341765
1710,0.00227535855334575,0.0102979933359668
1711,0.00170253299675549,0.0092764637641603
1712,0.00666702115387109,0.0142785516567947
1713,0.0051547616844728,0.0129398196743389
1714,0.00538771074415284,0.0131693906727227
1715,0.0045131970610917,0.0122746015077162
1716,0.00565502933722829,0.0127157966255022
1717,0.00698016579147376,0.0142625732909114
1718,0.00284054643584814,0.0117286746783478
1719,0.00306203898439637,0.0107737861525106
1720,0.00467358821693698,0.0119113471494291
1721,0.00549463818138302,0.0125382802399684
1722,0.00479197216529896,0.0119971785047456
1723,0.00331790106634002,0.0110409811825491
1724,0.00404729894173162,0.0114462945579708
1725,0.00330644455520822,0.0112748081610334
1726,0.00354703128897613,0.0113867342859337
1727,0.00311168386596753,0.0106285856660816
1728,0.00803416481559985,0.0155671092234336
1729,0.00545263097389973,0.0125491038504852
1730,0.00522350075126363,0.0137616712541472
1731,0.00441008846090546,0.0130870072815503
1732,0.00868718595011274,0.0153759512212885
1733,0.00236319180535625,0.0103019634819731
1734,0.00535716004780136,0.0127528629977968
1735,0.00692288323581474,0.0140294860051414
1736,0.0061018332713687,0.0146259523601386
1737,0.00368069058551386,0.0117382617377748
1738,0.00742315088857023,0.0139662318085219
1739,0.00342482850357021,0.0103429945604036
1740,0.00636533302740022,0.0130908250919845
1741,0.00449792171291596,0.012077923263946
1742,0.00473468960963994,0.01161517311919
1743,0.00366923407438205,0.0119965185899837
1744,0.00752625948875648,0.0140211003329036
1745,0.00561302212974501,0.0127969194395737
1746,0.00284818410993601,0.0103762220869427
1747,0.00294365503603439,0.0104477363673302
1748,0.00448264636474022,0.0125588466218028
1749,0.00628513744947758,0.0136722220368565
1750,0.00591852909325981,0.0147359332575907
1751,0.00852297595722354,0.0154273039386305
1752,0.00531515284031807,0.0125921978077171
1753,0.0071367381102751,0.0141777965341846
1754,0.00657918790186058,0.0150145926246235
1755,0.00482252286165044,0.0138233089506077
1756,0.00557865259634959,0.0136405192634827
1757,0.00392127731928177,0.0117689368454649
1758,0.00676249207996946,0.0137774982742249
1759,0.00423442195688444,0.0119603352762306
1760,0.00336372711086725,0.012113677673304
1761,0.00626986210130184,0.0137503932899237
1762,0.0117384367482169,0.0189495283307101
1763,0.0102109019306428,0.0162504619662862
1764,0.00605218838979754,0.0131815509447619
1765,0.0100161412414022,0.0160786459426568
1766,0.00606746373797328,0.0139010721760506
1767,0.00529987749214233,0.0134355112092965
1768,0.00821746899370873,0.0171331557963564
1769,0.00339427780721873,0.0113195515522023
1770,0.00879793222438686,0.0157884235810631
1771,0.00309640851779179,0.0105549578874839
1772,0.00878265687621112,0.015885739637879
1773,0.00170635183379942,0.00913972129415969
1774,0.00265342342069532,0.0108636381472282
1775,0.00470032007624452,0.0131394219639004
1776,0.00781267226705161,0.0155289520710177
1777,0.00602927536753393,0.0138230576625763
1778,0.00685796300606784,0.0133212304182143
1779,0.00492945029888063,0.0135436232605614
1780,0.0103331047160488,0.0181621310982058
1781,0.00854970781653108,0.0171890927243067
1782,0.00652190534620155,0.0137776246621131
1783,0.0074307885626581,0.0139086158496152
1784,0.00527696446987872,0.0128192119499678
1785,0.0047194142614642,0.0116149964522553
1786,0.00134738115166952,0.00909841222040628
1787,0.00379143685978797,0.0109017063197733
1788,0.00384108174135913,0.0110250945194056
1789,0.00340955315539447,0.0105865692084093
1790,0.00635005767922448,0.0131003999595556
1791,0.00455902310561892,0.0132689655614115
1792,0.0084427803793009,0.0148088219840396
1793,0.00791196203019392,0.0141115164521972
1794,0.00535716004780136,0.0129836875137916
1795,0.00805707783786346,0.0154901481065228
1796,0.00856116432766289,0.0148992040333441
1797,0.00583451467829324,0.0122937587475324
1798,0.00823274434188447,0.0158242554908116
1799,0.0101345251897641,0.0168816231404857
1800,0.00740405670335056,0.0151782109364117
1801,0.00622021721973068,0.0130039791599249
1802,0.00679304277632095,0.014137340641554
1803,0.00461248682423402,0.011285878366336
1804,0.00691142672468293,0.0147199159598894
1805,0.00478051565416716,0.0130639914251902
1806,0.00730858577725218,0.0140603071577002
1807,0.00511275447698951,0.0124734406789753
1808,0.00514712401038493,0.0124994566971293
1809,0.00174454020423877,0.00972070243061636
1810,0.000728729550552041,0.00833920114903961
1811,0.00347447338514136,0.011199642559458
1812,0.00664410813160748,0.0138014621621577
1813,0.00463158100945369,0.0125332549780054
1814,0.00663265162047567,0.0137587742135575
1815,0.00305058247326457,0.0105033220495651
1816,0.00397474103789686,0.0125663473705265
1817,0.00632332581991693,0.0135403120220245
1818,0.00266106109478319,0.010354486134477
1819,0.00549463818138302,0.0149417794804828
1820,0.00575050026332667,0.0135079968060926
1821,0.0037723426745683,0.0117193394951405
1822,0.00427261032732379,0.0116962745044948
1823,0.00109915674381374,0.00857706769995125
1824,0.00907670732859412,0.0160871642628332
1825,0.00650281116098188,0.0129378001798411
1826,0.00261141621321203,0.0104311073412717
1827,0.00302003177691309,0.0118045625301183
1828,0.00578486979672208,0.0134210164560155
1829,0.00909198267676986,0.015837859444932
1830,0.00275271318383763,0.0105998373611272
1831,0.00689997021355113,0.0142382934812618
1832,0.00170635183379942,0.00871161063916701
1833,0.00209969204932473,0.0111190730098392
1834,0.00779357808183194,0.0156497665230774
1835,0.00568176119653584,0.0141034421623249
1836,0.00312314037709934,0.0120810637184757
1837,0.0111083286359676,0.0179207428646733
1838,0.00728185391794464,0.0144574135124858
1839,0.00453229124631138,0.0114213071473273
1840,0.00673194138361798,0.0142771749430311
1841,0.0078661359856667,0.0166467943750929
1842,0.00311550270301147,0.0108212883442771
1843,0.00222953250881853,0.00976897843471569
1844,0.00381816871909552,0.0118890372831344
1845,0.00805325900081952,0.0142611040914573
1846,0.00503255889906687,0.0128013448684686
1847,0.00610947094545657,0.0143561968925059
1848,0.0031956982809341,0.0106055114715931
1849,0.0108944737615072,0.0175499799457868
1850,0.00733149879951579,0.0146489572655222
1851,0.0034019154813066,0.0110712958919097
1852,0.00544117446276793,0.013256981646211
1853,0.00477287798007929,0.0125911003907992
1854,0.007201658340022,0.0153516030996408
1855,0.007201658340022,0.0143545830937289
1856,0.00343628501470201,0.0105135889361196
1857,0.00575050026332667,0.0128295317077856
1858,0.00399765406016047,0.013108010804084
1859,0.00706418020644034,0.0138116816931034
1860,0.00395182801563325,0.0127904735635994
1861,0.00436426241637824,0.0112536461650662
1862,0.0110930532877918,0.0187003319102528
1863,0.00492945029888063,0.0126000147180557
1864,0.00690378905059506,0.0153308284885115
1865,0.00482634169869438,0.0126449565283642
1866,0.00277562620610124,0.0104348447627242
1867,0.00916072174356069,0.0166289635151936
1868,0.00678922393927701,0.0142053104702952
1869,0.00794633156358934,0.0148219401693869
1870,0.0056015656186132,0.0131473976042432
1871,0.00300857526578128,0.0111063982334213
1872,0.00410458149739065,0.0112682266157518
1873,0.00576195677445847,0.0125773391902895
1874,0.00466213170580517,0.0130100575698336
1875,0.00184001113033715,0.0097502291109259
1876,0.00387545127475455,0.0117590549241418
1877,0.00782794761522735,0.0154896451025734
1878,0.00178654741172206,0.00957690450877139
1879,0.00663647045751961,0.0142809744382404
1880,0.00606746373797328,0.0127164841444589
1881,0.00724748438454922,0.0141001033779805
1882,0.00416950172713755,0.0116556057915985
1883,0.0042840668384556,0.0112234465932535
1884,0.00650281116098188,0.0146145111026608
1885,0.00564357282609649,0.0133627950414529
1886,0.00958461265543749,0.0167868997876452
1887,0.00185146764146895,0.00961791621438425
1888,0.00360431384463515,0.0110365111206007
1889,0.0039136396451939,0.0119974563140057
1890,0.00476905914303535,0.0133773050167848
1891,0.0067777674281452,0.0137829271852297
1892,0.00242811203510315,0.0106711107242076
1893,0.00229827157560936,0.00995925835733146
1894,0.00528078330692265,0.0134621239495456
1895,0.00793487505245753,0.0150217776050408
1896,0.00285200294697994,0.0109202952044188
1897,0.0105278654052895,0.0173889637467669
1898,0.00377616151161223,0.011399032969939
1899,0.00617057233815953,0.0132771729728241
1900,0.00469650123920059,0.0133938329560761
1901,0.00293601736194652,0.0108830934134738
1902,0.00419241474940116,0.0124068246283087
1903,0.00281381457654059,0.0114838215790232
1904,0.00536097888484529,0.0131103992509504
1905,0.00504783424724261,0.0121928030048406
1906,0.00376088616343649,0.0107903696866714
1907,0.0101879889083792,0.0171814008197181
1908,0.00657536906481665,0.014602259267742
1909,0.00767519413346995,0.0164317257960528
1910,0.00414276986783,0.011478362853041
1911,0.0108066405094967,0.016978981418654
1912,0.00305822014735244,0.0108427552598202
1913,0.00514712401038493,0.0132957524401103
1914,0.00697252811738589,0.0139376823479919
1915,0.0077133825039093,0.0152797627740829
1916,0.00269161179113467,0.0108258535204634
1917,0.00222953250881853,0.0101533011614991
1918,0.00469268240215665,0.0125138994701796
1919,0.00755681018510796,0.0140797919763868
1920,0.00675485440588159,0.0135886603576096
1921,0.000988410469539626,0.00884833391227274
1922,0.0061132897825005,0.0134709893499472
1923,0.00345156036287775,0.01189691864345
1924,0.00537625423302103,0.0128926382070569
1925,0.00830912108276317,0.0152671188867259
1926,0.0066899341761347,0.0142132743774765
1927,0.00674721673179372,0.0146742372419265
1928,0.00554046422591024,0.0129694541002588
1929,0.00866809176489307,0.0160590667060648
1930,0.00256177133164088,0.0114576233230062
1931,0.00647989813871827,0.0137804313861859
1932,0.00331408222929609,0.0110728675591162
1933,0.00343628501470201,0.0111267338671125
1934,0.0104018437828396,0.0177639561530121
1935,0.00408548731217097,0.0116868617954604
1936,0.00440245078681759,0.0119652877627009
1937,0.00284054643584814,0.0111810799325105
1938,0.00677012975405733,0.0156849896890469
1939,0.00776684622252439,0.0144834375628884
1940,0.00741169437743843,0.0149233646896132
1941,0.00410076266034671,0.011942327145495
1942,0.00373033546708501,0.0114263819636731
1943,0.00936312010688925,0.0158125209335308
1944,0.00959988800361323,0.0164528162247807
1945,0.00752625948875648,0.0153335916397305
1946,0.0058192393301175,0.013588946795031
1947,0.00669757185022257,0.0137632418305562
1948,0.00386399476362274,0.0114204524389085
1949,0.00393273383041357,0.0112663284626007
1950,0.00646462279054253,0.0141686396430827
1951,0.0101650758861156,0.0161363852652982
1952,0.00513184866220919,0.0121983253925996
1953,0.00316132874753869,0.0110409017729193
1954,0.00932875057349384,0.0173322504324961
1955,0.0135752973663496,0.0189687227727523
1956,0.0045781172908386,0.011931560431197
1957,0.00724748438454922,0.0146883993207805
1958,0.0045017405499599,0.0126415953199842
1959,0.00858025851288256,0.0153118687481126
1960,0.0056664858483601,0.0128020993885506
1961,0.00713291927323117,0.0144399489922236
1962,0.00394037150450144,0.0118473051856224
1963,0.0110548649173525,0.0188637161415913
1964,0.00423442195688444,0.0122468697817548
1965,0.00539534841824071,0.0124058545258751
1966,0.00862608455740978,0.0161479133402539
1967,0.00681977463562849,0.0149347692421863
1968,0.00500200820271539,0.0123241436496025
1969,0.00247011924258644,0.0125338550414687
1970,0.00657918790186058,0.0132212105833612
1971,0.00334081408860363,0.0109824905542871
1972,0.00517003703264854,0.0123348025292619
1973,0.00770574482982143,0.0162416936386977
1974,0.00419241474940116,0.0110224802207613
1975,0.00470413891328846,0.0135977659562274
1976,0.00762936808894273,0.0159213604716145
1977,0.00652572418324549,0.0139494974161551
1978,0.00324152432546132,0.0107128438225081
1979,0.00733913647360366,0.015879521720945
1980,0.00462394333536582,0.0123588383869882
1981,0.0105622349386849,0.0173331338187565
1982,0.00367305291142599,0.0112908759175407
1983,0.00441390729794939,0.0118261305499837
1984,0.00705272369530853,0.0151269259667486
1985,0.00410076266034671,0.0119210591501252
1986,0.00444063915725694,0.0119556894433316
1987,0.00235555413126838,0.0104444570732264
1988,0.00437190009046611,0.0119876574383256
1989,0.00445591450543268,0.0112343138204715
1990,0.00629659396060939,0.0151439941676608
1991,0.0115742267553277,0.0183646111551904
1992,0.00474614612077174,0.0116438318551733
1993,0.00188583717486437,0.0101705224093669
1994,0.00442154497203726,0.0122125143111863
1995,0.00203477181957784,0.0094866619271751
1996,0.00364632105211844,0.0109836198390255
1997,0.00484925472095799,0.011530207038135
1998,0.00582305816716144,0.0139430116307478
1999,0.0053724353959771,0.0128048152567494
